2.37	
5.7	
5.26	
5.27	
1.64	
5.2	
5.4	
4.5	
2.39	
5.1	
7.10	
5.24	
5.28	
5.20	
5.17	
2.45	
2.97	
2.32	
3.96	
7.21	
1.29	
3.98	
2.38	
7.8	
1.12	
2.84	
5.5	
4.2	
4.4	
2.36	
2.46	
2.52	
9.12	
6.12	
2.83	
1.72	
2.43	
1.40	
5.10	
1.61	
2.47	
2.86	
3.101	
1.58	
2.22	
5.3	
5.6	
6.13	
1.11	
5.13	
5.11	
5.15	
1.57	
4.6	
2.44	
2.40	
3.109	
5.14	
1.62	
2.42	
5.25	
7.12	
2.85	
5.12	
5.8	
5.19	
7.17	
2.48	
7.20	
5.18	
7.19	
5.16	
7.22	
2.41	
2.35	
5.9	
7.4	
5.30	
4.1	
1.75	
5.29	
2.49	
